eye 25 25 60
look 25 25 10
up 0 1 0
d 10
bounds -1 -1 1 1
res 200 200
ambient 0.1 0.1 0.1 
light 5 32 30 .77 .5 1.0 .5
light 45 32 30 .77 1.0 .5 .5 
sphere 25 25 10 .77 .5999999 .5999999 .5999999 .1455999999 .125999999 .905999999 .5999999 .5999999 .5999999 .9 .9 .9
sphere 27 27 10 .77 .50 .50 .3350 .4450 .1550 .50 .50 .50 .50 .9 .9 .9
sphere 23 23 10 .77 .70 .70 .170 .670 .175 .70 .70 .70 .70 .9 .9 .9
sphere 28 25 13 .77 .33 .33 .13 .73 .453 .33 .33 .33 .33 .9 .9 .9
sphere 26 26 14 .70 .40 .40 .20 .30 .49 .40 .40 .40 .40 .9 .9 .9
sphere 23 25 13 .77 1.0 1.0 .55 .60 .22 1.0 1.0 1.0 1.0 .9 .9 .9